

Classifier Model

Linear Regression Model

score =

      0.2411 * / +
     -0.671  * able +
     -0.6629 * above +
     -0.3666 * ac +
      0.602  * actually +
     -0.4728 * after +
     -0.5621 * alexanderplatz +
      0.2503 * also +
      0.8784 * although +
      0.581  * am +
      0.2563 * amazing +
     -0.5514 * amount +
     -0.326  * an +
     -0.2698 * any +
      0.3011 * around +
      0.3752 * ask +
     -0.9089 * attach +
      0.8612 * available +
     -0.8266 * average +
     -0.3068 * away +
     -0.3637 * bad +
     -1.1035 * basic +
     -0.4072 * bath +
     -0.1493 * bed +
      0.2467 * big +
      0.3305 * bit +
      0.4601 * book +
      0.1871 * by +
     -0.2611 * can +
      1.0493 * card +
     -0.8248 * carpet +
     -0.2851 * central +
      0.4335 * charge +
     -0.5734 * cleaning +
     -0.4923 * cold +
      0.3767 * comfortable +
      0.6715 * concierge +
      0.3522 * conditioning +
     -0.4872 * convenience +
     -0.6441 * date +
     -0.2533 * day +
     -0.6042 * decent +
      0.2911 * desk +
     -0.4632 * different +
     -0.3056 * distance +
      0.3257 * door +
      0.4592 * downtown +
      1.2241 * drink +
      0.7707 * due +
     -0.427  * efficient +
      0.5605 * elevator +
      0.3505 * enough +
     -0.7799 * especially +
      0.2411 * even +
      0.7088 * evening +
      0.6268 * excellent +
     -0.8468 * except +
      1.5171 * exceptional +
     -0.6818 * explain +
      0.4122 * extra +
      0.7967 * face +
      0.4483 * fantastic +
     -1.0457 * far +
     -0.5091 * feel +
     -0.7187 * flat +
     -0.2439 * free +
      0.3241 * fresh +
     -0.3829 * front +
      0.7124 * ginza +
      0.3492 * glass +
      0.2969 * great +
      0.4464 * guest +
      0.4275 * had +
     -0.7407 * hand +
      0.1601 * have +
      0.3456 * help +
      0.7032 * her +
     -0.5488 * home +
      0.1024 * hotel +
      0.1444 * i +
     -0.3951 * improve +
      0.5714 * include +
      0.4239 * inside +
     -0.581  * is +
      0.1146 * it +
     -0.3167 * its +
     -0.7649 * key +
      0.6164 * know +
     -0.4749 * lack +
      0.4304 * less +
     -0.7175 * let +
      0.1452 * like +
     -0.5086 * line +
      0.6666 * local +
      0.6106 * locate +
     -0.1764 * location +
      1.0191 * lounge +
      0.2336 * luggage +
     -0.598  * machine +
      0.7401 * mall +
     -0.6081 * many +
     -0.3865 * may +
      0.676  * member +
      0.4671 * metro +
     -0.4978 * min +
      0.4274 * modern +
     -0.4427 * montreal +
     -0.4286 * morning +
      0.4728 * mumbai +
      0.4313 * my +
     -0.2804 * need +
      0.3852 * new +
     -0.3704 * next +
     -0.2772 * night +
     -0.2167 * not +
      0.2465 * nothing +
     -0.7193 * off +
     -0.4985 * ok +
     -1.1578 * okay +
      0.4813 * once +
      0.5406 * onsen +
      0.373  * option +
     -0.3344 * our +
     -0.8669 * outdated +
      0.4149 * over +
     -0.7493 * parking +
      0.3249 * people +
      0.4343 * perfect +
     -0.2147 * place +
     -0.7864 * pleasant +
      0.8032 * pretty +
      0.2552 * public +
      0.3104 * put +
      0.3045 * quite +
      0.292  * really +
     -0.5646 * reasonably +
     -0.4992 * receptionist +
     -0.5016 * request +
     -0.5478 * road +
     -0.9102 * run +
     -0.292  * say +
      0.3866 * separate +
     -0.7608 * set +
      0.8213 * shop +
     -0.407  * shopping +
     -0.3942 * show +
      0.2709 * shower +
      0.4705 * since +
     -0.9692 * single +
      0.7624 * site +
     -1.0544 * slow +
     -0.1868 * so +
      0.4579 * spacious +
      0.7839 * stain +
     -0.8657 * star +
     -0.1661 * station +
     -1.1275 * stop +
     -0.3899 * street +
      0.7112 * such +
      0.5035 * super +
      1.2911 * superb +
      0.8098 * taxi +
      0.5328 * temple +
     -0.2983 * termini +
     -0.2569 * that +
     -0.1906 * the +
      0.296  * their +
     -0.4828 * them +
     -0.1994 * there +
     -0.1562 * this +
      0.5913 * those +
      0.4736 * together +
      0.3464 * tokyo +
      0.5183 * top +
      1.2072 * tour +
     -1.2091 * tourist +
     -0.7977 * tower +
      0.5558 * transport +
      0.5002 * turn +
      1.106  * type +
      0.8762 * underground +
      0.3684 * up +
     -0.2947 * upgrade +
      0.1245 * very +
     -0.2185 * view +
      0.265  * wait +
      0.6625 * walk +
     -0.5059 * want +
     -0.2595 * we +
     -0.3682 * well +
      0.2987 * window +
      1.3427 * wonderful +
     -0.3562 * would +
      8.1906
learn: absolute squared error: 2.4352135596529747
learn: AVG. SQUARED MEAN ERROR: 0.48704271193059495
learn: AVG. SQUARED MAPPED ERROR: 0.21342
learn: Train size: 800
learn: test size: 200
minFrequencyWords:8
