score =

     -0.3984 * sentiment_avg_in_tit +
      0.7629 * sentiment_avg_in_neg +
     -0.1877 * sentiment_max_in_pos +
     -0.1864 * sentiment_max_in_neg +
      0.4705 * sentiment_min_in_pos +
     -0.1451 * s2w#crd# +
      0.7299 * s2w$ +
      0.3588 * s2w+komfort +
     -0.0873 * s2w+lage +
      0.234  * s2w+other +
      1.0773 * s2w+wlan +
     -0.2214 * s2w- +
      0.0901 * s2w-komfort +
      0.2534 * s2w-lage +
     -0.5511 * s2w-preis-leistungs-verhltnis +
      0.3878 * s2w-wlan +
     -0.2969 * s2w0 +
     -0.5328 * s2wac +
      1.3714 * s2wacross +
      0.6516 * s2wactually +
      0.2892 * s2wafter +
     -0.6933 * s2wagain +
     -0.9949 * s2walexanderplatz +
      0.1448 * s2wall +
      0.6366 * s2walmost +
      0.5179 * s2walso +
      0.4923 * s2walthough +
     -0.3427 * s2wam +
     -0.8795 * s2wamerican +
     -3.2037 * s2wamount +
     -0.2711 * s2wan +
      0.9464 * s2wanother +
     -0.2263 * s2warea +
     -0.3926 * s2wasakusa +
     -0.1434 * s2wat +
      1.1662 * s2wavailable +
     -0.8995 * s2waverage +
      0.429  * s2waway +
      0.5313 * s2wawesome +
     -0.372  * s2wback +
      0.4461 * s2wbad +
     -0.5164 * s2wbag +
     -0.3914 * s2wbar +
     -1.1096 * s2wbasic +
     -0.4196 * s2wbath +
      0.162  * s2wbe +
     -0.1784 * s2wbed +
     -0.3766 * s2wbedroom +
      0.753  * s2wbefore +
     -0.688  * s2wbeside +
      1.4996 * s2wbest +
      1.0399 * s2wbetween +
      0.4058 * s2wbig +
      1.1481 * s2wblock +
     -1.4215 * s2wbody +
      1.7781 * s2wbottle +
     -0.1192 * s2wbreakfast +
     -0.6675 * s2wbuffet +
      0.5706 * s2wbuilding +
     -0.8451 * s2wbus +
     -0.4431 * s2wbusiness +
     -1.2676 * s2wbuy +
     -0.4393 * s2wcan +
      1.0186 * s2wcar +
      0.8635 * s2wcard +
     -1.5965 * s2wcenter +
     -0.6888 * s2wchange +
      0.6237 * s2wcharge +
     -1.0909 * s2wcheap +
      0.3804 * s2wchoice +
      2.523  * s2wchristmas +
      0.2239 * s2wclean +
     -1.0415 * s2wcleaning +
      0.3825 * s2wcleanliness +
      0.7659 * s2wcome +
      0.3473 * s2wcomfortable +
     -0.3093 * s2wcomfy +
      0.3692 * s2wcomplain +
     -1.2675 * s2wconnection +
      0.3838 * s2wconsider +
      1.3082 * s2wconstruction +
      0.9517 * s2wcontinental +
     -1.2976 * s2wconvenience +
      0.2073 * s2wcould +
     -0.5618 * s2wcover +
      0.6299 * s2wcozy +
     -1.0629 * s2wcurtain +
     -0.655  * s2wcustomer +
     -0.4389 * s2wdate +
     -0.5181 * s2wday +
      1.9822 * s2wdeal +
     -1.2263 * s2wdecent +
      0.7813 * s2wdesign +
      0.5961 * s2wdifficult +
     -0.4007 * s2wdinner +
     -2.4519 * s2wdisappointing +
     -0.8248 * s2wdistance +
      1.1094 * s2wdown +
     -1.03   * s2wdownstairs +
      2.467  * s2wdue +
      0.6033 * s2we +
      1.1666 * s2weasily +
     -0.5036 * s2weasy +
     -1.574  * s2weat +
      0.7759 * s2wefficient +
      0.9842 * s2weither +
      0.6378 * s2wenjoyable +
      0.7058 * s2wenough +
     -0.7331 * s2wenter +
     -1.6865 * s2wespecially +
      0.5503 * s2wetc +
      0.6202 * s2weven +
     -1.3391 * s2wever +
     -0.8856 * s2weverywhere +
      0.491  * s2wexcellent +
     -1.3892 * s2wexcept +
      1.3234 * s2wexceptional +
      0.2942 * s2wexpect +
      1.3072 * s2wexpensive +
      0.5618 * s2wf +
      1.0932 * s2wface +
      1.2961 * s2wfall +
      0.5157 * s2wfantastic +
     -1.1867 * s2wfar +
     -0.442  * s2wfast +
     -1.0112 * s2wfeel +
     -0.6181 * s2wfew +
     -0.7331 * s2wfi +
     -0.6316 * s2wfind +
     -0.6493 * s2wfine +
     -0.5824 * s2wfix +
     -1.202  * s2wflat +
      0.1741 * s2wfloor +
      0.3758 * s2wfood +
     -0.4986 * s2wfree +
      0.3334 * s2wfresh +
      0.5379 * s2wfruit +
     -0.5222 * s2wfs +
      1.102  * s2wginza +
     -0.776  * s2wgive +
     -0.0993 * s2wgood +
      0.3011 * s2wgreat +
      1.5705 * s2wground +
      0.5021 * s2wguest +
      0.3927 * s2whad +
      0.0988 * s2whave +
     -1.8053 * s2wheating +
     -0.4545 * s2whelp +
     -0.2152 * s2whelpful +
      0.8528 * s2where +
     -0.6368 * s2whome +
      0.9542 * s2whop +
      0.4208 * s2whot +
      0.3386 * s2whotel +
      0.5632 * s2whour +
      1.2874 * s2whousekeeping +
      1.5683 * s2whow +
     -0.3449 * s2whowever +
      0.7682 * s2wideal +
      0.2989 * s2wif +
     -0.6022 * s2wimprove +
      0.263  * s2win +
      0.7066 * s2winclude +
     -0.9163 * s2windian +
     -1.5048 * s2winternational +
     -0.6652 * s2wis +
      0.4611 * s2wissue +
     -1.8958 * s2witem +
     -0.3481 * s2wits +
     -0.5849 * s2wjapan +
      2.0123 * s2wjapanese +
      0.355  * s2wjust +
     -1.4617 * s2wkey +
     -0.7442 * s2wknow +
      0.3992 * s2wlack +
     -1.2344 * s2wlaundry +
      0.8306 * s2wleak +
     -0.2503 * s2wleave +
     -1.3828 * s2wlet +
      0.8008 * s2wlift +
      0.2319 * s2wlike +
     -0.1735 * s2wlittle +
      0.6069 * s2wlocal +
      0.3326 * s2wlocate +
     -0.9604 * s2wlocated +
      0.5769 * s2wlong +
     -0.9062 * s2wlose +
     -0.8277 * s2wloud +
      0.9558 * s2wlounge +
      0.3496 * s2wlove +
      0.6111 * s2wlovely +
      0.7962 * s2wluggage +
      1.3685 * s2wm +
     -0.5541 * s2wmachine +
     -0.2889 * s2wmake +
     -0.5718 * s2wmany +
     -2.7602 * s2wmarket +
      1.3778 * s2wmaybe +
     -0.8728 * s2wmeal +
      2.32   * s2wmember +
      1.3854 * s2wmenu +
      1.956  * s2wmight +
     -0.5195 * s2wmin +
     -1.2736 * s2wmontreal +
      0.6933 * s2wmumbai +
      0.5869 * s2wmy +
      0.2757 * s2wnear +
     -0.7307 * s2wnext +
     -0.8225 * s2wnight +
      0.3565 * s2wno +
     -0.468  * s2wnoise +
      0.5086 * s2wnoisy +
     -1.0639 * s2wnormal +
     -0.2052 * s2wnot +
     -1.2192 * s2wnow +
     -0.343  * s2wnt +
      3.018  * s2wnumber +
     -0.8148 * s2woff +
      1.0884 * s2woffer +
     -0.7435 * s2wok +
     -1.5605 * s2wokay +
     -0.6013 * s2wone +
      0.8879 * s2woption +
      1.0069 * s2worder +
     -0.2459 * s2wother +
     -0.3069 * s2wour +
     -0.3124 * s2wout +
     -0.3151 * s2woutside +
      1.2642 * s2wover +
     -0.8527 * s2wpaper +
     -1.324  * s2wpark +
     -1.0067 * s2wparking +
      1.0371 * s2wpartner +
      0.6553 * s2wpeople +
      0.9116 * s2wper +
      0.5221 * s2wphoto +
      0.6597 * s2wpicture +
     -0.7911 * s2wplace +
     -0.7724 * s2wplan +
     -1.2021 * s2wpleasant +
      0.3678 * s2wplenty +
     -1.3444 * s2wplug +
     -0.9969 * s2wplus +
      0.4376 * s2wpm +
     -0.8616 * s2wpoint +
     -0.5434 * s2wpolite +
     -0.5641 * s2wpool +
     -1.1235 * s2wposition +
      0.7714 * s2wprobably +
     -0.4775 * s2wquick +
      0.6687 * s2wquiet +
      0.3025 * s2wquite +
      0.7973 * s2wrather +
      0.4156 * s2wreally +
     -0.6064 * s2wreceptionist +
     -0.4397 * s2wrecommend +
     -0.3802 * s2wrequest +
      0.7017 * s2wright +
     -2.2982 * s2wroad +
      0.5359 * s2wrome +
     -0.1627 * s2wroom +
     -0.3689 * s2wrude +
     -1.2532 * s2wrun +
      0.1785 * s2ws +
      0.9692 * s2wsecurity +
      2.0006 * s2wsend +
      0.8245 * s2wseparate +
      0.3031 * s2wservice +
     -2.5245 * s2wset +
      1.2051 * s2wshop +
     -0.3479 * s2wshopping +
     -0.328  * s2wshort +
     -0.3952 * s2wshould +
      0.2749 * s2wshower +
      0.858  * s2wshuttle +
      0.915  * s2wside +
      0.4368 * s2wsimple +
     -0.8435 * s2wsingle +
      0.8083 * s2wsink +
     -1.3136 * s2wslow +
      0.178  * s2wsmall +
     -1.1441 * s2wsmile +
     -0.2464 * s2wso +
      0.8597 * s2wsoft +
      0.5422 * s2wsome +
      2.5165 * s2wsound +
      0.6961 * s2wspa +
      1.0189 * s2wspacious +
     -0.7275 * s2wspread +
      0.1596 * s2wstaff +
