score =

     -0.5393 * sentiment_avg_in_tit +
      0.3512 * sentiment_avg_in_neg +
      0.5138 * sentiment_min_in_neg +
      0.1995 * s2w+komfort +
     -0.2242 * s2w+lage +
      0.0916 * s2w+other +
     -0.3943 * s2w+preis-leistungs-verhltnis +
     -0.6924 * s2w+wlan +
     -0.1403 * s2w-ausstattung +
     -0.1414 * s2w-hotelpersonal +
      0.1957 * s2w-komfort +
      0.198  * s2w-lage +
     -0.6741 * s2w-preis-leistungs-verhltnis +
     -0.9053 * s2w-wlan +
      0.2536 * s2w/ +
      1.3693 * s2wactually +
     -0.7818 * s2wafter +
     -0.2035 * s2wagain +
     -0.9119 * s2walexanderplatz +
      0.261  * s2walso +
      0.326  * s2wamazing +
     -0.2643 * s2wamenity +
     -1.5889 * s2wamount +
     -0.4393 * s2wan +
      0.5394 * s2wanother +
      0.5444 * s2wasakusa +
     -0.7605 * s2wattach +
      1.0197 * s2wavailable +
     -0.7378 * s2waverage +
      0.6526 * s2wbag +
     -1.01   * s2wbasic +
     -0.4266 * s2wbath +
     -0.2679 * s2wbed +
     -0.4425 * s2wbedroom +
      0.3681 * s2wbig +
      0.3556 * s2wbit +
     -0.4031 * s2wboth +
     -0.4763 * s2wbuffet +
     -0.332  * s2wcan +
      0.8892 * s2wcard +
     -0.8264 * s2wcarpet +
      0.3965 * s2wcharge +
      0.2911 * s2wchoice +
     -0.2229 * s2wcity +
     -1.1547 * s2wcleaning +
     -0.5287 * s2wcold +
      0.3071 * s2wcomfortable +
     -0.452  * s2wdate +
     -0.2879 * s2wday +
     -0.7938 * s2wdecent +
      0.3108 * s2wdesk +
      0.5042 * s2wdirty +
     -0.2932 * s2wdistance +
      0.3838 * s2wdoor +
      0.5998 * s2wdrink +
      0.9186 * s2wdue +
     -0.6969 * s2weat +
      0.5062 * s2welevator +
      0.3054 * s2wenough +
     -0.7789 * s2wespecially +
      0.2942 * s2weven +
      0.8935 * s2wevening +
      0.2122 * s2weverything +
      0.5503 * s2wexcellent +
     -0.9127 * s2wexcept +
      1.4998 * s2wexceptional +
      0.7223 * s2wexpensive +
      0.9081 * s2wextra +
      1.049  * s2wface +
      0.4385 * s2wfantastic +
     -0.7014 * s2wfar +
     -0.6158 * s2wfeel +
     -0.3351 * s2wfew +
     -0.8034 * s2wflat +
     -0.2899 * s2wfrom +
     -0.4563 * s2wfront +
      0.4076 * s2wfurniture +
      0.5833 * s2wglass +
     -0.2795 * s2wgo +
      0.1846 * s2wgreat +
      0.4126 * s2wguest +
      0.4917 * s2whad +
      0.2222 * s2whave +
      0.6573 * s2wher +
      0.1411 * s2whotel +
      0.4536 * s2whour +
      0.1472 * s2wi +
      0.2433 * s2wif +
     -0.705  * s2wimprove +
      0.4845 * s2winside +
      0.6806 * s2winternet +
     -0.5245 * s2wis +
     -0.3761 * s2wjapan +
     -0.5901 * s2wkey +
      0.5004 * s2wknow +
      0.5173 * s2wlady +
      0.4708 * s2wleak +
      0.387  * s2wless +
     -0.378  * s2wlight +
      0.1808 * s2wlike +
      0.7413 * s2wlocal +
      0.8564 * s2wlocate +
      0.3232 * s2wlot +
      1.063  * s2wlounge +
     -0.2626 * s2wmachine +
      0.7965 * s2wmall +
     -0.5107 * s2wmany +
      0.4504 * s2wmember +
      0.3011 * s2wmetro +
     -0.291  * s2wmin +
      0.6455 * s2wmodern +
     -0.6886 * s2wmontreal +
     -0.3789 * s2wmorning +
      0.5234 * s2wmust +
      0.3348 * s2wmy +
     -0.1991 * s2wneed +
     -0.5081 * s2wnext +
     -0.187  * s2wnot +
      0.5413 * s2wnothing +
     -0.2742 * s2woff +
     -0.4036 * s2wok +
     -1.1224 * s2wokay +
      0.8032 * s2wonce +
      0.5821 * s2wonsen +
      0.4433 * s2woption +
     -0.4256 * s2wour +
     -0.4786 * s2woutdated +
      0.4658 * s2woutlet +
      0.3088 * s2wover +
     -0.8365 * s2wparking +
      0.4056 * s2wpeople +
     -0.508  * s2wper +
      0.4748 * s2wperfect +
     -0.7442 * s2wpleasant +
     -0.4459 * s2wprefer +
      0.8945 * s2wpretty +
      0.4752 * s2wprice +
     -0.5693 * s2wprofessional +
      0.3928 * s2wpublic +
      0.3441 * s2wreally +
     -1.2507 * s2wreasonably +
     -0.5835 * s2wreceptionist +
     -0.6055 * s2wrenovation +
     -0.6039 * s2wrun +
     -0.3262 * s2wsay +
      0.8924 * s2wseparate +
      0.2115 * s2wservice +
     -0.6621 * s2wset +
     -0.4526 * s2wshe +
      0.58   * s2wshop +
     -0.476  * s2wshopping +
     -0.5829 * s2wshow +
      0.4174 * s2wsince +
     -0.7362 * s2wsingle +
      0.7143 * s2wsite +
     -0.3539 * s2wsleep +
     -0.7721 * s2wslow +
     -0.1349 * s2wsmall +
     -0.4524 * s2wsmile +
      0.2709 * s2wsome +
      0.5551 * s2wspacious +
     -0.8784 * s2wspecial +
      0.4537 * s2wstain +
      0.3403 * s2wstandard +
     -0.8999 * s2wstar +
     -1.2782 * s2wstop +
     -0.4452 * s2wstreet +
      0.8214 * s2wsuch +
      0.6198 * s2wsuper +
      1.4914 * s2wsuperb +
      1.0556 * s2wtaxi +
     -0.2455 * s2wthat +
     -0.2216 * s2wthe +
     -0.3707 * s2wthem +
      0.7216 * s2wthen +
     -0.1849 * s2wthis +
      0.6997 * s2wthose +
      1.1543 * s2wtour +
     -1.139  * s2wtourist +
     -0.9104 * s2wtower +
      1.1423 * s2wtype +
      0.2912 * s2wuncomfortable +
      0.6307 * s2wunderground +
      0.5897 * s2wup +
     -0.7855 * s2wupdate +
     -0.2586 * s2wupgrade +
      0.1638 * s2wus +
      0.3527 * s2wvalue +
      0.1795 * s2wvery +
      0.4024 * s2wwalk +
      0.3776 * s2wwall +
     -0.5736 * s2wwant +
     -0.2913 * s2wwe +
     -0.456  * s2wwear +
      0.9256 * s2wwifi +
      0.4305 * s2wwindow +
      0.4027 * s2wwithin +
      1.2508 * s2wwonderful +
     -0.4642 * s2wwork +
     -0.1967 * s2wwould +
      8.1066
learn: absolute squared error: 2.4415922002238415
learn: AVG. SQUARED MEAN ERROR: 2.4415922002238415
learn: AVG. SQUARED MAPPED ERROR: 1.1205999999999998
learn: Train size: 800
learn: test size: 200