Classifier Model

Linear Regression Model

score =

     -0.5913 * sentiment_avg_in_tit +
      0.2411 * s2w/ +
     -0.671  * s2wable +
     -0.6629 * s2wabove +
     -0.3666 * s2wac +
      0.602  * s2wactually +
     -0.4728 * s2wafter +
     -0.5621 * s2walexanderplatz +
      0.2503 * s2walso +
      0.8784 * s2walthough +
      0.581  * s2wam +
      0.2563 * s2wamazing +
     -0.5514 * s2wamount +
     -0.326  * s2wan +
     -0.2698 * s2wany +
      0.3011 * s2waround +
      0.3752 * s2wask +
     -0.9089 * s2wattach +
      0.8612 * s2wavailable +
     -0.8266 * s2waverage +
     -0.3068 * s2waway +
     -0.3637 * s2wbad +
     -1.1035 * s2wbasic +
     -0.4072 * s2wbath +
     -0.1493 * s2wbed +
      0.2467 * s2wbig +
      0.3305 * s2wbit +
      0.4601 * s2wbook +
      0.1871 * s2wby +
     -0.2611 * s2wcan +
      1.0493 * s2wcard +
     -0.8248 * s2wcarpet +
     -0.2851 * s2wcentral +
      0.4335 * s2wcharge +
     -0.5734 * s2wcleaning +
     -0.4923 * s2wcold +
      0.3767 * s2wcomfortable +
      0.6715 * s2wconcierge +
      0.3522 * s2wconditioning +
     -0.4872 * s2wconvenience +
     -0.6441 * s2wdate +
     -0.2533 * s2wday +
     -0.6042 * s2wdecent +
      0.2911 * s2wdesk +
     -0.4632 * s2wdifferent +
     -0.3056 * s2wdistance +
      0.3257 * s2wdoor +
      0.4592 * s2wdowntown +
      1.2241 * s2wdrink +
      0.7707 * s2wdue +
     -0.427  * s2wefficient +
      0.5605 * s2welevator +
      0.3505 * s2wenough +
     -0.7799 * s2wespecially +
      0.2411 * s2weven +
      0.7088 * s2wevening +
      0.6268 * s2wexcellent +
     -0.8468 * s2wexcept +
      1.5171 * s2wexceptional +
     -0.6818 * s2wexplain +
      0.4122 * s2wextra +
      0.7967 * s2wface +
      0.4483 * s2wfantastic +
     -1.0457 * s2wfar +
     -0.5091 * s2wfeel +
     -0.7187 * s2wflat +
     -0.2439 * s2wfree +
      0.3241 * s2wfresh +
     -0.3829 * s2wfront +
      0.7124 * s2wginza +
      0.3492 * s2wglass +
      0.2969 * s2wgreat +
      0.4464 * s2wguest +
      0.4275 * s2whad +
     -0.7407 * s2whand +
      0.1601 * s2whave +
      0.3456 * s2whelp +
      0.7032 * s2wher +
     -0.5488 * s2whome +
      0.1024 * s2whotel +
      0.1444 * s2wi +
     -0.3951 * s2wimprove +
      0.5714 * s2winclude +
      0.4239 * s2winside +
     -0.581  * s2wis +
      0.1146 * s2wit +
     -0.3167 * s2wits +
     -0.7649 * s2wkey +
      0.6164 * s2wknow +
     -0.4749 * s2wlack +
      0.4304 * s2wless +
     -0.7175 * s2wlet +
      0.1452 * s2wlike +
     -0.5086 * s2wline +
      0.6666 * s2wlocal +
      0.6106 * s2wlocate +
     -0.1764 * s2wlocation +
      1.0191 * s2wlounge +
      0.2336 * s2wluggage +
     -0.598  * s2wmachine +
      0.7401 * s2wmall +
     -0.6081 * s2wmany +
     -0.3865 * s2wmay +
      0.676  * s2wmember +
      0.4671 * s2wmetro +
     -0.4978 * s2wmin +
      0.4274 * s2wmodern +
     -0.4427 * s2wmontreal +
     -0.4286 * s2wmorning +
      0.4728 * s2wmumbai +
      0.4313 * s2wmy +
     -0.2804 * s2wneed +
      0.3852 * s2wnew +
     -0.3704 * s2wnext +
     -0.2772 * s2wnight +
     -0.2167 * s2wnot +
      0.2465 * s2wnothing +
     -0.7193 * s2woff +
     -0.4985 * s2wok +
     -1.1578 * s2wokay +
      0.4813 * s2wonce +
      0.5406 * s2wonsen +
      0.373  * s2woption +
     -0.3344 * s2wour +
     -0.8669 * s2woutdated +
      0.4149 * s2wover +
     -0.7493 * s2wparking +
      0.3249 * s2wpeople +
      0.4343 * s2wperfect +
     -0.2147 * s2wplace +
     -0.7864 * s2wpleasant +
      0.8032 * s2wpretty +
      0.2552 * s2wpublic +
      0.3104 * s2wput +
      0.3045 * s2wquite +
      0.292  * s2wreally +
     -0.5646 * s2wreasonably +
     -0.4992 * s2wreceptionist +
     -0.5016 * s2wrequest +
     -0.5478 * s2wroad +
     -0.9102 * s2wrun +
     -0.292  * s2wsay +
      0.3866 * s2wseparate +
     -0.7608 * s2wset +
      0.8213 * s2wshop +
     -0.407  * s2wshopping +
     -0.3942 * s2wshow +
      0.2709 * s2wshower +
      0.4705 * s2wsince +
     -0.9692 * s2wsingle +
      0.7624 * s2wsite +
     -1.0544 * s2wslow +
     -0.1868 * s2wso +
      0.4579 * s2wspacious +
      0.7839 * s2wstain +
     -0.8657 * s2wstar +
     -0.1661 * s2wstation +
     -1.1275 * s2wstop +
     -0.3899 * s2wstreet +
      0.7112 * s2wsuch +
      0.5035 * s2wsuper +
      1.2911 * s2wsuperb +
      0.8098 * s2wtaxi +
      0.5328 * s2wtemple +
     -0.2983 * s2wtermini +
     -0.2569 * s2wthat +
     -0.1906 * s2wthe +
      0.296  * s2wtheir +
     -0.4828 * s2wthem +
     -0.1994 * s2wthere +
     -0.1562 * s2wthis +
      0.5913 * s2wthose +
      0.4736 * s2wtogether +
      0.3464 * s2wtokyo +
      0.5183 * s2wtop +
      1.2072 * s2wtour +
     -1.2091 * s2wtourist +
     -0.7977 * s2wtower +
      0.5558 * s2wtransport +
      0.5002 * s2wturn +
      1.106  * s2wtype +
      0.8762 * s2wunderground +
      0.3684 * s2wup +
     -0.2947 * s2wupgrade +
      0.1245 * s2wvery +
     -0.2185 * s2wview +
      0.265  * s2wwait +
      0.6625 * s2wwalk +
     -0.5059 * s2wwant +
     -0.2595 * s2wwe +
     -0.3682 * s2wwell +
      0.2987 * s2wwindow +
      1.3427 * s2wwonderful +
     -0.3562 * s2wwould +
      8.1906
learn: absolute squared error: 1.787118870152868
learn: AVG. SQUARED MEAN ERROR: 1.787118870152868
learn: AVG. SQUARED MAPPED ERROR: 1.0671
learn: Train size: 800
learn: test size: 200